0 0.7033762057877814 0.14500941619585686 0.13344051446945338 0.16572504708097927
0 0.6495176848874598 0.3248587570621469 0.13504823151125403 0.14500941619585686
0 0.7885852090032154 0.5094161958568738 0.1270096463022508 0.18267419962335216
0 0.6543408360128617 0.5988700564971751 0.09003215434083602 0.13935969868173256
0 0.4734726688102894 0.7815442561205272 0.16881028938906753 0.128060263653484
0 0.40514469453376206 0.5461393596986817 0.10289389067524116 0.10922787193973635
0 0.41479099678456594 0.27306967984934083 0.12861736334405144 0.1431261770244821
0 0.2162379421221865 0.18267419962335216 0.11414790996784566 0.1431261770244821
0 0.26688102893890675 0.307909604519774 0.0707395498392283 0.07721280602636535
0 0.2805466237942122 0.49058380414312613 0.11093247588424437 0.15630885122410546
